                precision    recall  f1-score   support

           0       0.62      0.61      0.61       268
           1       0.73      0.75      0.74       243
           2       0.89      0.89      0.89       240
           3       0.93      0.92      0.93       262
           4       0.86      0.88      0.87       245
           5       0.83      0.79      0.81       242
           6       0.80      0.89      0.84       231
           7       0.89      0.90      0.89       241
           8       0.83      0.85      0.84       266
           9       0.81      0.86      0.83       258
           a       0.90      0.81      0.85       279
           b       0.75      0.85      0.79       254
           c       0.93      0.89      0.91       251
           d       0.79      0.76      0.78       265
           e       0.86      0.89      0.88       253
           f       0.86      0.88      0.87       245
           g       0.82      0.78      0.80       258
           h       0.85      0.89      0.87       263
           i       0.64      0.63      0.63       283
           j       0.88      0.87      0.88       255
           k       0.94      0.84      0.89       274
           l       0.72      0.69      0.70       265
           m       0.93      0.93      0.93       257
           n       0.90      0.85      0.88       268
           o       0.57      0.56      0.57       259
           p       0.90      0.94      0.92       243
           q       0.76      0.82      0.79       267
           r       0.82      0.82      0.82       222
           s       0.87      0.82      0.84       268
           t       0.84      0.91      0.87       281
           u       0.86      0.91      0.88       249
           v       0.90      0.86      0.88       283
           w       0.94      0.95      0.95       294
           x       0.92      0.91      0.92       247
           y       0.90      0.85      0.88       275
           z       0.92      0.89      0.91       250

    accuracy                           0.84      9304
   macro avg       0.84      0.84      0.84      9304
weighted avg       0.84      0.84      0.84      9304